#DATA_FORMAT Data,Size,Type,Eoi,Eot,Partial
#BEGIN

#NEW
	Message Number #1
0
#KEY
1
55565758595A5B5C5D5E5F6061626364
B0B1B2B3B4B5B6B7,8,6,0,0,0
B8B9BABBBCBDBEBF,8,6,1,1,0
8000000000000000,0,2,0,1,0
#END

#NEW
	Message Number #2
1
#KEY
0
55565758595A5B5C5D5E5F6061626364
B0B1B2B3B4B5B6B7,8,6,0,0,0
B8B9BABBBCBDBEBF,8,6,1,1,0
8000000000000000,0,2,0,1,0
A30D895248CA64DA,8,4,0,0,0
13C11B4153D22924,8,4,0,1,0
#END

#NEW
	Message Number #3
0
#KEY
1
55565758595A5B5C5D5E5F6061626364
B0B1B2B3B4B5B6B7,8,6,0,0,0
B8B9BABBBCBDBEBF,8,6,0,1,0
A080000000000000,1,0,1,1,0
8000000000000000,0,2,0,1,0
#END

#NEW
	Message Number #4
1
#KEY
0
55565758595A5B5C5D5E5F6061626364
B0B1B2B3B4B5B6B7,8,6,0,0,0
B8B9BABBBCBDBEBF,8,6,0,1,0
A080000000000000,1,0,1,1,0
8000000000000000,0,2,0,1,0
B32B904F6E254B23,8,4,0,0,0
6721DC321B5CDDE7,8,4,0,1,0
#END

#NEW
	Message Number #5
0
#KEY
1
55565758595A5B5C5D5E5F6061626364
B0B1B2B3B4B5B6B7,8,6,0,0,0
B8B9BABBBCBDBEBF,8,6,0,1,0
FF80000000000000,1,2,1,1,0
#END

#NEW
	Message Number #6
1
#KEY
0
55565758595A5B5C5D5E5F6061626364
B0B1B2B3B4B5B6B7,8,6,0,0,0
B8B9BABBBCBDBEBF,8,6,0,1,0
0380000000000000,1,2,1,1,0
5B55BC8FED17217D,8,4,0,0,0
2DFC56C41DFA0190,8,4,0,1,0
#END

#NEW
	Message Number #7
0
#KEY
1
55565758595A5B5C5D5E5F6061626364
B0B1B2B3B4B5B6B7,8,6,0,0,0
B8B9BABBBCBDBEBF,8,6,0,1,0
A080000000000000,1,0,0,1,0
FF80000000000000,1,2,1,1,0
#END

#NEW
	Message Number #8
1
#KEY
0
55565758595A5B5C5D5E5F6061626364
B0B1B2B3B4B5B6B7,8,6,0,0,0
B8B9BABBBCBDBEBF,8,6,0,1,0
A080000000000000,1,0,0,1,0
7A80000000000000,1,2,1,1,0
FB413DABA7D64717,8,4,0,0,0
66EDDB32E03D958D,8,4,0,1,0
#END

#NEW
	Message Number #9
0
#KEY
1
55565758595A5B5C5D5E5F6061626364
B0B1B2B3B4B5B6B7,8,6,0,0,0
B8B9BABBBCBDBEBF,8,6,0,1,0
A0A1A2A3A4A5A6A7,8,0,0,0,0
8000000000000000,0,0,0,1,0
FF00010203040506,8,2,0,0,0
8000000000000000,0,2,1,1,0
#END

#NEW
	Message Number #10
1
#KEY
0
55565758595A5B5C5D5E5F6061626364
B0B1B2B3B4B5B6B7,8,6,0,0,0
B8B9BABBBCBDBEBF,8,6,0,1,0
A0A1A2A3A4A5A6A7,8,0,0,0,0
8000000000000000,0,0,0,1,0
45CC743449030B1E,8,2,0,0,0
8000000000000000,0,2,1,1,0
4C31E3E4E80FFB27,8,4,0,0,0
8DBA68D55F123F66,8,4,0,1,0
#END

#NEW
	Message Number #11
0
#KEY
1
55565758595A5B5C5D5E5F6061626364
B0B1B2B3B4B5B6B7,8,6,0,0,0
B8B9BABBBCBDBEBF,8,6,0,1,0
A0A1A2A3A4A5A680,7,0,0,1,0
FF00010203040580,7,2,1,1,0
#END

#NEW
	Message Number #12
1
#KEY
0
55565758595A5B5C5D5E5F6061626364
B0B1B2B3B4B5B6B7,8,6,0,0,0
B8B9BABBBCBDBEBF,8,6,0,1,0
A0A1A2A3A4A5A680,7,0,0,1,0
EA28E8DCC0372B80,7,2,1,1,0
88E27B1617749848,8,4,0,0,0
AEB04959A11DA074,8,4,0,1,0
#END

#NEW
	Message Number #13
0
#KEY
1
55565758595A5B5C5D5E5F6061626364
B0B1B2B3B4B5B6B7,8,6,0,0,0
B8B9BABBBCBDBEBF,8,6,0,1,0
A0A1A2A3A4A5A6A7,8,0,0,0,0
A880000000000000,1,0,0,1,0
FF00010203040506,8,2,0,0,0
0780000000000000,1,2,1,1,0
#END

#NEW
	Message Number #14
1
#KEY
0
55565758595A5B5C5D5E5F6061626364
B0B1B2B3B4B5B6B7,8,6,0,0,0
B8B9BABBBCBDBEBF,8,6,0,1,0
A0A1A2A3A4A5A6A7,8,0,0,0,0
A880000000000000,1,0,0,1,0
49346450BC1E3AAB,8,2,0,0,0
7D80000000000000,1,2,1,1,0
DFF656D80D08E404,8,4,0,0,0
30937C719D29424E,8,4,0,1,0
#END

#NEW
	Message Number #15
0
#KEY
1
55565758595A5B5C5D5E5F6061626364
B0B1B2B3B4B5B6B7,8,6,0,0,0
B8B9BABBBCBDBEBF,8,6,0,1,0
A0A1A2A3A4A5A6A7,8,0,0,0,0
A8A9AAABACADAEAF,8,0,0,0,0
8000000000000000,0,0,0,1,0
FF00010203040506,8,2,0,0,0
0708090A0B0C0D0E,8,2,0,0,0
8000000000000000,0,2,1,1,0
#END

#NEW
	Message Number #16
1
#KEY
0
55565758595A5B5C5D5E5F6061626364
B0B1B2B3B4B5B6B7,8,6,0,0,0
B8B9BABBBCBDBEBF,8,6,0,1,0
A0A1A2A3A4A5A6A7,8,0,0,0,0
A8A9AAABACADAEAF,8,0,0,0,0
8000000000000000,0,0,0,1,0
AAA3B36829A2F026,8,2,0,0,0
8FEDD9530A9765A9,8,2,0,0,0
8000000000000000,0,2,1,1,0
3F4232F37B1FF5FE,8,4,0,0,0
2B6CAEB87925547C,8,4,0,1,0
#END

#NEW
	Message Number #17
0
#KEY
1
55565758595A5B5C5D5E5F6061626364
B0B1B2B3B4B5B6B7,8,6,0,0,0
B8B9BABBBCBDBEBF,8,6,0,1,0
A0A1A2A3A4A5A6A7,8,0,0,0,0
A8A9AAABACADAEAF,8,0,0,0,0
B0B1B2B3B4B5B6B7,8,0,0,0,0
8000000000000000,0,0,0,1,0
FF00010203040506,8,2,0,0,0
0708090A0B0C0D0E,8,2,0,0,0
0F10111213141516,8,2,0,0,0
8000000000000000,0,2,1,1,0
#END

#NEW
	Message Number #18
1
#KEY
0
55565758595A5B5C5D5E5F6061626364
B0B1B2B3B4B5B6B7,8,6,0,0,0
B8B9BABBBCBDBEBF,8,6,0,1,0
A0A1A2A3A4A5A6A7,8,0,0,0,0
A8A9AAABACADAEAF,8,0,0,0,0
B0B1B2B3B4B5B6B7,8,0,0,0,0
8000000000000000,0,0,0,1,0
896174285485FF9D,8,2,0,0,0
584DCC33962F8A0B,8,2,0,0,0
034F0DB7663AAE49,8,2,0,0,0
8000000000000000,0,2,1,1,0
C1B9BA95EC76F362,8,4,0,0,0
F5A874CA2D375A3D,8,4,0,1,0
#END

#NEW
	Message Number #19
0
#KEY
1
55565758595A5B5C5D5E5F6061626364
B0B1B2B3B4B5B6B7,8,6,0,0,0
B8B9BABBBCBDBEBF,8,6,0,1,0
A0A1A2A3A4A5A6A7,8,0,0,0,0
A8A9AAABACADAEAF,8,0,0,0,0
B0B1B2B3B4B5B6B7,8,0,0,0,0
B8B9BABBBCBDBEBF,8,0,0,0,0
8000000000000000,0,0,0,1,0
FF00010203040506,8,2,0,0,0
0708090A0B0C0D0E,8,2,0,0,0
0F10111213141516,8,2,0,0,0
1718191A1B1C1D1E,8,2,0,0,0
8000000000000000,0,2,1,1,0
#END

#NEW
	Message Number #20
1
#KEY
0
55565758595A5B5C5D5E5F6061626364
B0B1B2B3B4B5B6B7,8,6,0,0,0
B8B9BABBBCBDBEBF,8,6,0,1,0
A0A1A2A3A4A5A6A7,8,0,0,0,0
A8A9AAABACADAEAF,8,0,0,0,0
B0B1B2B3B4B5B6B7,8,0,0,0,0
B8B9BABBBCBDBEBF,8,0,0,0,0
8000000000000000,0,0,0,1,0
1770DBB9F3348026,8,2,0,0,0
8F994512EFCDF3F3,8,2,0,0,0
0315F90D30E06046,8,2,0,0,0
870BD05DC84DFDDE,8,2,0,0,0
8000000000000000,0,2,1,1,0
9EE33B466658C911,8,4,0,0,0
DF3C167731121F6B,8,4,0,1,0
#END

#NEW
	Message Number #21
0
#KEY
1
38D2998896E25E5244A82814CDEB5E5E
CF1435314BCB0C7E,8,6,0,0,0
386E20EC6088DAD7,8,6,0,1,0
5A7408080E019054,8,0,0,0,0
861C82734A62AE9B,8,0,0,0,0
AF62A1326B531141,8,0,0,0,0
DD1701C14E9B800A,8,0,0,0,0
3BD609C27A7E859A,8,0,0,0,0
2F909806B8B7BF3D,8,0,0,0,0
55D16BA5CDC08739,8,0,0,0,0
F35EC9E980000000,4,0,0,1,0
D891B805870F7688,8,2,0,0,0
6544A25572800000,5,2,1,1,0
#END

#NEW
	Message Number #22
1
#KEY
0
38D2998896E25E5244A82814CDEB5E5E
619DFE9BE577DFAC,8,6,0,0,0
D5EEAC784C03E707,8,6,0,1,0
CEC1908000000000,3,0,0,1,0
4AC19D8515E7B482,8,2,0,0,0
48324C993B6D8EEC,8,2,0,0,0
33A49999EC710809,8,2,0,0,0
6A247B40CFF8530F,8,2,0,0,0
B698053E80000000,4,2,1,1,0
A56B7C990BC5DAED,8,4,0,0,0
958E61A020F840E4,8,4,0,1,0
#END

#NEW
	Message Number #23
0
#KEY
1
6177F4FB9DF853A528801A989BF2DCD1
192FB5C70EFB5803,8,6,0,0,0
8DE6C22E89A3E74F,8,6,0,1,0
3E6CA1859135F6CA,8,0,0,0,0
1B36B7D91DC167F9,8,0,0,0,0
2EA61971DFEDA9D0,8,0,0,0,0
689517A01CB9966F,8,0,0,0,0
FAC3351348A398D2,8,0,0,0,0
0CF0290ACDBFFB81,8,0,0,0,0
27074431F6F490A4,8,0,0,0,0
9CAA94428A44A600,8,0,0,0,0
8000000000000000,0,0,0,1,0
4DBB4893085F989E,8,2,0,0,0
D0E1205B011A2F65,8,2,0,0,0
796F5E7D28C7BE5B,8,2,0,0,0
67E141D06B0E347C,8,2,0,0,0
D8953827F0E15B55,8,2,0,0,0
19E6227480000000,4,2,1,1,0
#END

#NEW
	Message Number #24
0
#KEY
0
6177F4FB9DF853A528801A989BF2DCD1
9E199B3C688BB81D,8,6,0,0,0
32503E5D556EF639,8,6,0,1,0
C9F92407FC52BC29,8,0,0,0,0
21164BB0F4D631A1,8,0,0,0,0
B5AE31D59628772C,8,0,0,0,0
F0235BC1FEADD48F,8,0,0,0,0
0978A67C05529E92,8,0,0,0,0
6596061DC63C8F7D,8,0,0,0,0
BBFC66A34558942C,8,0,0,0,0
20801A5002998940,8,0,0,0,0
AE91F048857C8BE1,8,0,0,0,0
11CA577F15863A91,8,0,0,0,0
7B6C07AA54E7105D,8,0,0,0,0
5FD0933F80000000,4,0,0,1,0
3B4101AE60829D41,8,2,0,0,0
1FF578E59FFC334F,8,2,0,0,0
10AC73E5A507DCF8,8,2,0,0,0
F481B8D13CC30377,8,2,0,0,0
B56FB023E5138C9A,8,2,0,0,0
0966B5B5933D052B,8,2,0,0,0
9DD50D94B0154B90,8,2,0,0,0
48A021C74FE69210,8,2,0,0,0
0C4170CA96D98B24,8,2,0,0,0
5F9F072938B779C5,8,2,0,0,0
54F0CB54D7D3A0A0,8,2,0,0,0
D580000000000000,1,2,1,1,0
#END

#NEW
	Message Number #25
1
#KEY
1
700256C21D5B5682CC98DD405CEEC00A
1C0AEDAEF7FB0F3A,8,6,0,0,0
E9D50CC85BB4BE6C,8,6,0,1,0
19238387CAA9A096,8,0,0,0,0
2EEED472B26561C7,8,0,0,0,0
98BEE45245F4B55C,8,0,0,0,0
E61AF2B1ABC2113E,8,0,0,0,0
4870E731DC88E5F6,8,0,0,0,0
795C7C51EFFE8403,8,0,0,0,0
2EEBA935E271C4D0,8,0,0,0,0
E12B0FCA8CA98F8E,8,0,0,0,0
5544ED885FA99829,8,0,0,0,0
F2840452AC7CF368,8,0,0,0,0
2CC984AF1690CA4D,8,0,0,0,0
8000000000000000,0,0,0,1,0
16AF1E6A2B13C954,8,2,0,0,0
50596309DD62758A,8,2,0,0,0
53156BAD272F8DC2,8,2,0,0,0
7E47D42FBE30931E,8,2,0,0,0
E09C596B2D88EC42,8,2,0,0,0
22B6EE047A2121D6,8,2,0,0,0
250AF00D81354B2E,8,2,0,0,0
598A391DC039BEB3,8,2,0,0,0
09D454BD7F119D50,8,2,0,0,0
528D157A439C9E24,8,2,0,0,0
0CB93A4F6D1FC3DF,8,2,0,0,0
93C85488BAEB5FA8,8,2,0,0,0
F2D90E4980000000,4,2,1,1,0
9762F2E3CAC62FAC,8,4,0,0,0
43C6BAF4EA828DDE,8,4,0,1,0
#END

