#DATA_FORMAT Data,Size,Type,Eoi,Eot,Partial
#BEGIN

#NEW
	Message Number #1
0
#KEY
1
55565758595A5B5C5D5E5F6061626364
B0B1B2B3B4B5B6B7B8B9BABBBCBDBEBF,16,6,1,1,0
80000000000000000000000000000000,0,2,0,1,0
#END

#NEW
	Message Number #2
1
#KEY
0
55565758595A5B5C5D5E5F6061626364
B0B1B2B3B4B5B6B7B8B9BABBBCBDBEBF,16,6,1,1,0
80000000000000000000000000000000,0,2,0,1,0
FF237BC7A9EBE006575DCD86F67C4D5D,16,4,0,1,0
#END

#NEW
	Message Number #3
0
#KEY
1
55565758595A5B5C5D5E5F6061626364
B0B1B2B3B4B5B6B7B8B9BABBBCBDBEBF,16,6,0,1,0
A0800000000000000000000000000000,1,0,1,1,0
80000000000000000000000000000000,0,2,0,1,0
#END

#NEW
	Message Number #4
1
#KEY
0
55565758595A5B5C5D5E5F6061626364
B0B1B2B3B4B5B6B7B8B9BABBBCBDBEBF,16,6,0,1,0
A0800000000000000000000000000000,1,0,1,1,0
80000000000000000000000000000000,0,2,0,1,0
CF7484D1286F09FC86A7893B8A3947AA,16,4,0,1,0
#END

#NEW
	Message Number #5
0
#KEY
1
55565758595A5B5C5D5E5F6061626364
B0B1B2B3B4B5B6B7B8B9BABBBCBDBEBF,16,6,0,1,0
FF800000000000000000000000000000,1,2,1,1,0
#END

#NEW
	Message Number #6
1
#KEY
0
55565758595A5B5C5D5E5F6061626364
B0B1B2B3B4B5B6B7B8B9BABBBCBDBEBF,16,6,0,1,0
0B800000000000000000000000000000,1,2,1,1,0
B7EB96AE355D441E94A858703B281EE3,16,4,0,1,0
#END

#NEW
	Message Number #7
0
#KEY
1
55565758595A5B5C5D5E5F6061626364
B0B1B2B3B4B5B6B7B8B9BABBBCBDBEBF,16,6,0,1,0
A0800000000000000000000000000000,1,0,0,1,0
FF800000000000000000000000000000,1,2,1,1,0
#END

#NEW
	Message Number #8
1
#KEY
0
55565758595A5B5C5D5E5F6061626364
B0B1B2B3B4B5B6B7B8B9BABBBCBDBEBF,16,6,0,1,0
A0800000000000000000000000000000,1,0,0,1,0
BC800000000000000000000000000000,1,2,1,1,0
386EA52AA27C2AF076690B4388AFE0A0,16,4,0,1,0
#END

#NEW
	Message Number #9
0
#KEY
1
55565758595A5B5C5D5E5F6061626364
B0B1B2B3B4B5B6B7B8B9BABBBCBDBEBF,16,6,0,1,0
A0A1A2A3A4A5A6A7A8A9AAABACADAEAF,16,0,0,0,0
80000000000000000000000000000000,0,0,0,1,0
FF000102030405060708090A0B0C0D0E,16,2,0,0,0
80000000000000000000000000000000,0,2,1,1,0
#END

#NEW
	Message Number #10
1
#KEY
0
55565758595A5B5C5D5E5F6061626364
B0B1B2B3B4B5B6B7B8B9BABBBCBDBEBF,16,6,0,1,0
A0A1A2A3A4A5A6A7A8A9AAABACADAEAF,16,0,0,0,0
80000000000000000000000000000000,0,0,0,1,0
03DC8CCB67DC48F03C3190411A47C12C,16,2,0,0,0
80000000000000000000000000000000,0,2,1,1,0
8DF536DD3FD80D3586D637B65344FE8E,16,4,0,1,0
#END

#NEW
	Message Number #11
0
#KEY
1
55565758595A5B5C5D5E5F6061626364
B0B1B2B3B4B5B6B7B8B9BABBBCBDBEBF,16,6,0,1,0
A0A1A2A3A4A5A6A7A8A9AAABACADAE80,15,0,0,1,0
FF000102030405060708090A0B0C0D80,15,2,1,1,0
#END

#NEW
	Message Number #12
1
#KEY
0
55565758595A5B5C5D5E5F6061626364
B0B1B2B3B4B5B6B7B8B9BABBBCBDBEBF,16,6,0,1,0
A0A1A2A3A4A5A6A7A8A9AAABACADAE80,15,0,0,1,0
6081DDA3E4391BE8E65FB20D37688880,15,2,1,1,0
BCCF661583446C6BF3E8FEB0F011FC46,16,4,0,1,0
#END

#NEW
	Message Number #13
0
#KEY
1
55565758595A5B5C5D5E5F6061626364
B0B1B2B3B4B5B6B7B8B9BABBBCBDBEBF,16,6,0,1,0
A0A1A2A3A4A5A6A7A8A9AAABACADAEAF,16,0,0,0,0
B0800000000000000000000000000000,1,0,0,1,0
FF000102030405060708090A0B0C0D0E,16,2,0,0,0
0F800000000000000000000000000000,1,2,1,1,0
#END

#NEW
	Message Number #14
1
#KEY
0
55565758595A5B5C5D5E5F6061626364
B0B1B2B3B4B5B6B7B8B9BABBBCBDBEBF,16,6,0,1,0
A0A1A2A3A4A5A6A7A8A9AAABACADAEAF,16,0,0,0,0
B0800000000000000000000000000000,1,0,0,1,0
C2997A2CB8F47E8DD097D10FDB062170,16,2,0,0,0
EA800000000000000000000000000000,1,2,1,1,0
24A7E8BB03C1EAD397524244A03FDA0A,16,4,0,1,0
#END

#NEW
	Message Number #15
0
#KEY
1
55565758595A5B5C5D5E5F6061626364
B0B1B2B3B4B5B6B7B8B9BABBBCBDBEBF,16,6,0,1,0
A0A1A2A3A4A5A6A7A8A9AAABACADAEAF,16,0,0,0,0
B0B1B2B3B4B5B6B7B8B9BABBBCBDBEBF,16,0,0,0,0
80000000000000000000000000000000,0,0,0,1,0
FF000102030405060708090A0B0C0D0E,16,2,0,0,0
0F101112131415161718191A1B1C1D1E,16,2,0,0,0
80000000000000000000000000000000,0,2,1,1,0
#END

#NEW
	Message Number #16
1
#KEY
0
55565758595A5B5C5D5E5F6061626364
B0B1B2B3B4B5B6B7B8B9BABBBCBDBEBF,16,6,0,1,0
A0A1A2A3A4A5A6A7A8A9AAABACADAEAF,16,0,0,0,0
B0B1B2B3B4B5B6B7B8B9BABBBCBDBEBF,16,0,0,0,0
80000000000000000000000000000000,0,0,0,1,0
C1411A33552661DB35BB20D6BA40A1A3,16,2,0,0,0
32CD6BB05D0CCC39A31BD7DC0346CDBB,16,2,0,0,0
80000000000000000000000000000000,0,2,1,1,0
2B8E9B53CFF27C9137957E14E144F5FD,16,4,0,1,0
#END

#NEW
	Message Number #17
0
#KEY
1
55565758595A5B5C5D5E5F6061626364
B0B1B2B3B4B5B6B7B8B9BABBBCBDBEBF,16,6,0,1,0
A0A1A2A3A4A5A6A7A8A9AAABACADAEAF,16,0,0,0,0
B0B1B2B3B4B5B6B7B8B9BABBBCBDBEBF,16,0,0,0,0
C0C1C2C3C4C5C6C7C8C9CACBCCCDCECF,16,0,0,0,0
80000000000000000000000000000000,0,0,0,1,0
FF000102030405060708090A0B0C0D0E,16,2,0,0,0
0F101112131415161718191A1B1C1D1E,16,2,0,0,0
1F202122232425262728292A2B2C2D2E,16,2,0,0,0
80000000000000000000000000000000,0,2,1,1,0
#END

#NEW
	Message Number #18
1
#KEY
0
55565758595A5B5C5D5E5F6061626364
B0B1B2B3B4B5B6B7B8B9BABBBCBDBEBF,16,6,0,1,0
A0A1A2A3A4A5A6A7A8A9AAABACADAEAF,16,0,0,0,0
B0B1B2B3B4B5B6B7B8B9BABBBCBDBEBF,16,0,0,0,0
C0C1C2C3C4C5C6C7C8C9CACBCCCDCECF,16,0,0,0,0
80000000000000000000000000000000,0,0,0,1,0
D9C0854D600C8C9B633E3841397034EF,16,2,0,0,0
D59656607E6D960FE9314C2B8012B1F6,16,2,0,0,0
22325E3CFB42FFD9B580DE4FB69D1608,16,2,0,0,0
80000000000000000000000000000000,0,2,1,1,0
122B0686B562FC2F892260FD8B99F97D,16,4,0,1,0
#END

#NEW
	Message Number #19
0
#KEY
1
55565758595A5B5C5D5E5F6061626364
B0B1B2B3B4B5B6B7B8B9BABBBCBDBEBF,16,6,0,1,0
A0A1A2A3A4A5A6A7A8A9AAABACADAEAF,16,0,0,0,0
B0B1B2B3B4B5B6B7B8B9BABBBCBDBEBF,16,0,0,0,0
C0C1C2C3C4C5C6C7C8C9CACBCCCDCECF,16,0,0,0,0
D0D1D2D3D4D5D6D7D8D9DADBDCDDDEDF,16,0,0,0,0
80000000000000000000000000000000,0,0,0,1,0
FF000102030405060708090A0B0C0D0E,16,2,0,0,0
0F101112131415161718191A1B1C1D1E,16,2,0,0,0
1F202122232425262728292A2B2C2D2E,16,2,0,0,0
2F303132333435363738393A3B3C3D3E,16,2,0,0,0
80000000000000000000000000000000,0,2,1,1,0
#END

#NEW
	Message Number #20
1
#KEY
0
55565758595A5B5C5D5E5F6061626364
B0B1B2B3B4B5B6B7B8B9BABBBCBDBEBF,16,6,0,1,0
A0A1A2A3A4A5A6A7A8A9AAABACADAEAF,16,0,0,0,0
B0B1B2B3B4B5B6B7B8B9BABBBCBDBEBF,16,0,0,0,0
C0C1C2C3C4C5C6C7C8C9CACBCCCDCECF,16,0,0,0,0
D0D1D2D3D4D5D6D7D8D9DADBDCDDDEDF,16,0,0,0,0
80000000000000000000000000000000,0,0,0,1,0
B88FC2035C3AD79B1E911C0ACF908ACE,16,2,0,0,0
4027FDFFAB9F4AC85686522EF50A1641,16,2,0,0,0
844800909AC4A040F33C6F01E081F0E1,16,2,0,0,0
C805BC83001315FAC6B19068EBCD9025,16,2,0,0,0
80000000000000000000000000000000,0,2,1,1,0
B9749448DA769C815C2A3F42F00A826D,16,4,0,1,0
#END

#NEW
	Message Number #21
0
#KEY
1
31F61881E5A831705B20F69C8540AEB9
D49640DB89D3B589E74D3FC95DA0ADFF,16,6,0,1,0
15C5AA90E7B0248B9B00F9F2D1891DE0,16,0,0,0,0
479F1B3A265EE37233DDC54DBB0633B0,16,0,0,0,0
46126344724C3275BC950EADD9398D9B,16,0,0,0,0
36E5A7871674CFF5E4A8388000000000,11,0,0,1,0
24501A52E8655FD288EA29960628C36B,16,2,0,0,0
EA0FEE4742F20FAAE7A308B480000000,12,2,1,1,0
#END

#NEW
	Message Number #22
0
#KEY
0
31F61881E5A831705B20F69C8540AEB9
B54878D50AD3DA4E9A14C72C3C4CF20C,16,6,0,1,0
969C8C8115C1458771FD056B28711ACD,16,0,0,0,0
8EF6C88AEC2A92800000000000000000,7,0,0,1,0
7CE618897DD9DAADCE4577E3EDE7625D,16,2,0,0,0
E0EF94E8801B0BD75BEB8B3A434A0431,16,2,0,0,0
B5CCA23A6F58B6D11C28E2299D38748B,16,2,0,0,0
7C5097904E317A9F931ECCF7AEFC26E6,16,2,0,0,0
2BD9A35A483B2F4BD93DE41F3E465982,16,2,0,0,0
7056C9B2800000000000000000000000,4,2,1,1,0
#END

#NEW
	Message Number #23
1
#KEY
1
9001609D154AC2196A62435D312D4A3E
CFEDA24DDA8C2FC5DC7704309F80BDD5,16,6,0,1,0
BB3443D0044318199C80000000000000,9,0,0,1,0
EDB112A1BBA090E15C7E07D67E95EE61,16,2,0,0,0
078E94B66B6BF898224451DC73D1E731,16,2,0,0,0
2060195D0207EA8055C3712DB4425401,16,2,0,0,0
BFFD604BDC1557AB327EB45C66273CA8,16,2,0,0,0
7F070E08A184DFFD6EBF6F8000000000,11,2,1,1,0
38825DD76CAB5242A1864EE36950996D,16,4,0,1,0
#END

#NEW
	Message Number #24
1
#KEY
1
4B08E514B31916C9D62762BC0F222AE8
EDADDB7F6A571E3D5266889E64A9CBEA,16,6,0,1,0
E1DDFA76157CF0B6C8996A605E9D5B45,16,0,0,0,0
BFCC0D0CDF5780000000000000000000,6,0,0,1,0
B947060F8A6A632C3DEF800000000000,10,2,1,1,0
D2DEC1FFC2AC8D842AE4F7F50A7E50E3,16,4,0,1,0
#END

#NEW
	Message Number #25
1
#KEY
1
4F3779D348437C3A8D3630B7F940650C
74CA178A84E6F1B8E163F1EC5D4656B3,16,6,0,1,0
383C8000000000000000000000000000,2,0,0,1,0
889CD183895EA908E2F7B49E9866DA80,15,2,1,1,0
0BA73FEF9BB0D709E603506B3E8B39BF,16,4,0,1,0
#END

